Frame,Center of Mass distance,Symmetry,Grounding,Arm fold,Leg fold,Kinetic Energy,Potential energy,Bone length coherence,Torque,Center velocity
1,0.6345303414709433,0.0959440593211789,0.9999996784942007,0.9947448130734956,0.999999338272804,0.09614249229329057,0.5358697575674912,0.08642574694036624,0.01276419021173709,0.0983110662223882
2,0.6251134297938609,0.10102720515824151,0.9870710196576619,0.9958679046444675,0.9923030854069245,0.09614249229329057,0.5358697575674912,0.08559730920663614,0.01276419021173709,0.0983110662223882
3,0.6144183858352232,0.10451546416230906,0.9730252330931758,0.9968236657527177,0.9784011997643458,0.10693140648432999,0.5471198975450372,0.08094449802115516,0.0024644358517010106,0.11704931703430377
4,0.599761054827229,0.11127291063383386,0.9542239734317686,0.9973689050806334,0.9618095352030394,0.13741703398467153,0.5609055273085481,0.07654823994624962,0.09893642037613996,0.13028805967032825
5,0.5885513912532173,0.11791489453471991,0.9395204779174512,0.9979954742273515,0.946435551390361,0.09986203623145326,0.5733569941261372,0.07455981482717279,0.038532550985859004,0.09118299402839349
6,0.5793896137081128,0.1248359508146141,0.9274904086970827,0.9975876207242984,0.9382537165494452,0.08977820275297582,0.5820145532305743,0.07455654655885847,0.02455952980790999,0.10216012471887348
7,0.5722122933564053,0.12950448712775894,0.9178900922850113,0.9980379800946791,0.9415893384773046,0.0897552211047428,0.5880503905075282,0.07560750066246334,0.06012033148578341,0.10918211007026067
8,0.5663863289499403,0.13433062125635709,0.9101197707322832,0.9991492695768495,0.9397415519658281,0.06787134595657446,0.5921897260467633,0.07708065780918098,0.07851123870014884,0.09318562430987244
9,0.5624586319774406,0.13664258591617914,0.9045404159360024,0.9996659209949917,0.937539264347379,0.037344366471429774,0.5957191817862248,0.07816268469478832,0.08486316736753996,0.03450739152664383
10,0.5607458762181129,0.13679902469408767,0.9018648950275611,0.9999998338707482,0.9318241236099644,0.005988889866766016,0.5985600018326915,0.07900893085553928,0.018408122811361578,0.007534038324158966
11,0.5614921413693827,0.13462160422037192,0.9031272493601441,0.9984300434963189,0.9308557307029895,0.02590988834605448,0.5981751023692313,0.07997148793413059,0.03091286639461765,0.04007604250134539
12,0.5630840145240422,0.132696517895277,0.9053845455754351,0.9981194334692511,0.9338429323000464,0.009804818450485824,0.5956484508727194,0.08094729884620773,0.007855782537276592,0.007377166894353672
13,0.5675195078971413,0.12943699258615632,0.9111433390130198,0.9996720241393355,0.9403383783718525,0.037038109416563034,0.5930229379080217,0.08132601739052989,0.02686339260765346,0.008679631380264487
14,0.5702890095190928,0.12748323194442956,0.9150044117227485,0.9965514795698522,0.9432009579746634,0.04134913284415929,0.5889556001350613,0.08240159609035054,0.04051526464352346,0.039614484920478116
15,0.5728310157195734,0.12529560064405687,0.9181163106499205,0.9959940823742914,0.9448184466369903,0.021495329846241886,0.5858753952070408,0.08323284460224416,0.032064763307357046,0.03247446128637152
16,0.574885778446417,0.12320075914083363,0.9208225525708794,0.9971815479617147,0.9445787791702095,0.031389112850960306,0.5861963798023528,0.08339755561244867,0.009923852131154383,0.009496515638400762
17,0.5783781955746958,0.11976096352868215,0.9254041726651362,0.9948468884263075,0.9479970589243321,0.041827253336859264,0.5840102396322867,0.08384416725557284,0.05723039958160259,0.04461104919968537
18,0.5807854453768712,0.11723095633580426,0.9286117256540151,0.9945338393295091,0.951314261660507,0.01606609205440145,0.5801105377298776,0.08418126782437663,0.023627374886669272,0.01575251449897963
19,0.5836592402175497,0.11582148236748713,0.9323499143136699,0.9940518851328928,0.9538377487292078,0.019942692297219337,0.5780954259927709,0.08425621794667912,0.058737236917577276,0.02027950502953443
20,0.5832009817542392,0.11544420371968367,0.9318772296437785,0.9935435769518703,0.953784877192066,0.006008639148221225,0.5789895989544058,0.08405392435577344,0.017603973389182126,0.0062025626151633335
21,0.5842604155526061,0.11520403591049781,0.9334335282097799,0.9926861822388509,0.9551668898594919,0.007269806619076959,0.5805895045286491,0.08393796818795696,0.019797418297170546,0.008909694621035132
22,0.58579042083022,0.11469336974349786,0.9357068831361588,0.9922076477091994,0.9576736739687365,0.012853175788078954,0.5800639100877367,0.08378578498117434,0.024293920406283993,0.016485018331054025
23,0.5879021640373163,0.11438772162648635,0.9384340712020178,0.9919172518503205,0.9587097395944766,0.016116070228876535,0.5788640375552269,0.08365048557437331,0.051510681384422455,0.02054199215280402
24,0.5890387237172807,0.11402573328840739,0.939861201874475,0.9916983577959273,0.9614658142720017,0.002015204993878411,0.5777837291417294,0.08356201106215348,0.01899754782205107,0.009186726405295505
25,0.5895522988666336,0.11394307069498809,0.9402577822178979,0.9944013215829846,0.9605699020277056,0.023363443079278606,0.5784177338336606,0.08331766676636124,0.02466885471224988,0.01086542051303419
26,0.5880134628782359,0.11623902861594247,0.9382155330902406,0.9939163821002085,0.9580887967055863,0.010307231971918305,0.5793670347433342,0.08321561733841995,0.0036691130553759897,0.009797810235890594
27,0.5831317040208075,0.12052997272536647,0.932172570286855,0.9943432869910561,0.9546880226528708,0.04917842498416244,0.581566524231513,0.0831772045405034,0.020762109564346907,0.05142570246888708
28,0.5770719729824628,0.12505975491348298,0.9244741638316175,0.9932617409611186,0.9500704578178021,0.06087184272461337,0.5843921131923739,0.0835533021355394,0.06378111640091098,0.055075571821407494
29,0.5731270107184748,0.12844427135690864,0.9190896081828975,0.9923318330689577,0.9467269533182611,0.033390940938431375,0.5873360892975992,0.08408879770954338,0.008644616977331297,0.017566084367581527
30,0.5706019649983679,0.1298682459938549,0.916323320646558,0.987351350467839,0.9435129158007854,0.06046384195582669,0.5934494733096898,0.08475274898609853,0.02280277356543124,0.04860340007066979
31,0.570781531024192,0.12837965339089202,0.9173838937832826,0.9751531631507485,0.9297006458068428,0.12234645143020205,0.6019191918362661,0.08504265022089337,0.10400398415088301,0.10958275835893341
32,0.5814177217740982,0.1179972238963902,0.9323387430363907,0.9514433228597131,0.9176811005319668,0.22438920324663023,0.6080595290774669,0.08431711966404774,0.015735395836371225,0.24206505883362395
33,0.5925352683847342,0.10764803028112392,0.9473375791937846,0.9275888006131018,0.9015795742600208,0.23209834028467724,0.6120543144356153,0.08220995485595319,0.01804409824537176,0.17623443143871975
34,0.6057182632837895,0.09413126712781826,0.9651285364662269,0.8982355161635033,0.8954281575088286,0.24227334691351324,0.617052051069814,0.07857524114855034,0.027973796152917688,0.2015058457709219
35,0.6188291736776349,0.07890593949805758,0.9810894988793185,0.8680039306593299,0.8950724215447592,0.248550746241787,0.6200478498052124,0.07383034301944068,0.041850412042385585,0.21863295796151383
36,0.6317746191774831,0.06180224318644163,0.9980021144756599,0.8425636385351676,0.8986579742354269,0.2416227849344469,0.618704916516324,0.06834440683486971,0.07223037495320277,0.19487049862844497
37,0.6408317937935294,0.04840224098344584,0.9905599491930184,0.8156204890760334,0.8983761730852239,0.23243032477627773,0.6180937758836195,0.062299906893160305,0.10623701613250588,0.18666893065751872
38,0.6559587911279782,0.02417313932477309,0.9652982002399096,0.7920824135543617,0.9179215044107921,0.35335664161143576,0.6004781861415767,0.0568580727474809,0.3102649723691122,0.4218619435396343
39,0.661993610437374,0.011663522136942703,0.9587993096825549,0.7764229048148268,0.9213868331047551,0.20644296809421075,0.5800103784613878,0.050888587968762236,0.09020143840943201,0.06397848288983063
40,0.6649351900639304,0.003927571513702739,0.9560637431587365,0.7631951555287368,0.9187005594035353,0.16523941294642666,0.5777162333138242,0.04447503911384658,0.057867527895567886,0.05996845293940181
41,0.6625778305554495,0.0010456710677829025,0.9598591846144486,0.7479245359550816,0.9163353347372435,0.13610654124373014,0.5808091031787274,0.0379351731959532,0.00240527629656003,0.04129038468762758
42,0.6553113819811879,0.0011266834633536585,0.9708321717222432,0.7297322126567058,0.8985182465098167,0.15442129481768305,0.5927232552188594,0.03136509341310063,0.024617405572736,0.023769977755091192
43,0.649500448878573,0.0,0.9804031635314587,0.7147955439422978,0.8760745067727781,0.15935031648974718,0.6079652591356305,0.025024617546995972,0.045536992481442044,0.04594848345448883
44,0.6419942024977064,0.0016771550255883579,0.9914431783029316,0.7012043523019066,0.8626227870762491,0.1428501288486455,0.6235803302218578,0.01909016036005491,0.01918208026000864,0.016977490419791706
45,0.6310793441061111,0.0036198509746684358,0.9918956150327501,0.691965430299963,0.8334851713470498,0.14822059132787174,0.6426700566820532,0.013635430172465341,0.0007082785241464368,0.04016135229109325
46,0.616890938214199,0.009383417876997629,0.9700878853734953,0.6845844539041278,0.8017279099559942,0.16847585059826414,0.6653030520069404,0.009020412272366097,0.04897135431348196,0.05827779272854451
47,0.605421527317033,0.013920436775602597,0.951444420003661,0.676956419980756,0.7671966681933574,0.15301092279204814,0.6887865414476559,0.005279987914353065,0.023142957381524012,0.035807316289542396
48,0.5942670564364566,0.016680905804241038,0.9334090910407328,0.6724154498802353,0.7360625823502234,0.1494359286988668,0.7094448422768379,0.0025024907934511685,0.0033743474876179497,0.021175838159360277
49,0.5813306121633943,0.0209336209997503,0.912682880663099,0.6659462624728373,0.7069524830293165,0.16965381776696595,0.7298777694041377,0.0007185072385636256,0.013897938727940344,0.04117175066791987
50,0.567736239446417,0.024744179255199266,0.890897493558406,0.6630736179268575,0.6760764320982997,0.18646140965754787,0.7496050452168532,0.0,0.019041850057080676,0.08918171079720942
51,0.5541383845602591,0.03112923264234528,0.8689012485950607,0.6693565069500689,0.6472915907294547,0.19494346726238584,0.7670757104475091,0.0004888130656370145,0.0031434603493247664,0.06672756334704084
52,0.5351941821009804,0.0391242434630975,0.8403111572174882,0.6931527393213284,0.6252518113914002,0.2736205380273692,0.7876936300066893,0.0021110926733804328,0.0019446548578563613,0.1628368738295565
53,0.5164749384385846,0.04753034833516134,0.8113510172800323,0.7243530775191259,0.6069959621829436,0.29310881888894574,0.807912671147432,0.004827578337613207,0.10293723356196292,0.17574654431641937
54,0.4999541167623645,0.05451380768289724,0.7868021354583196,0.7505863742531479,0.5869777215992839,0.24360121352415026,0.8226429374846923,0.008289839431193657,0.2528746004133246,0.17913769116381778
55,0.48930601170330973,0.05894523193382911,0.7705374539441885,0.7625963464108754,0.5574480737069868,0.13073066983841772,0.8330114734745457,0.012048223336436653,0.08735128377691803,0.11009094582165324
56,0.4807967783460903,0.06374844862087413,0.7573700090558032,0.7673192877275246,0.5391641934353435,0.08049304730197818,0.8405112112624795,0.015932322883117484,0.05686957021220314,0.011486501479284079
57,0.47562176153521607,0.06838785981310679,0.7497093056613845,0.7689552983499757,0.5330239892518114,0.05933888342275783,0.8452177381344737,0.019870880609936123,0.051928860899835796,0.06364187918524786
58,0.4733062177745365,0.07354551317277795,0.746593915710062,0.7677165514456435,0.539179098651552,0.05559563587525985,0.844768138524316,0.023920064836018527,0.004653250554377993,0.10932744319651552
59,0.468063177509234,0.0803397610946587,0.7403826855426551,0.7648978196259262,0.5479112056759641,0.07719819189151987,0.8437239295912297,0.028103121643672773,0.11053992194436564,0.10663810382078391
60,0.46841282091051556,0.08434963826418007,0.7415102863430579,0.7618527037135708,0.5571407471284974,0.03900183406249583,0.8427079573770024,0.03243574966712241,0.016497321261510104,0.060103790291949614
61,0.46839312791154264,0.09578967762779608,0.7420185794592756,0.7627252211908331,0.5771326213688118,0.10387167830827762,0.8371170148437077,0.03718043784514658,0.01684252200940324,0.18902008022363892
62,0.4771787524524322,0.10519328437130197,0.7540695948245407,0.7670515911762844,0.5910002406436895,0.15161499406955242,0.8246293083290545,0.04276848773227529,0.004501147702360124,0.19938495133549303
63,0.4889500180133439,0.11195346195990886,0.7690886789220038,0.7701994091739476,0.605368209714798,0.2081408453922334,0.806254638125227,0.0494585475780894,0.07061406629931503,0.28760679111783344
64,0.4956381292740591,0.1195429165537373,0.7781360171087447,0.7658554891110363,0.616405810703928,0.19524865185571713,0.787421797329933,0.057318782581333744,0.07926845866422544,0.24295553084532426
65,0.4997025245118154,0.13177931962625722,0.7827525474445004,0.754441278560021,0.6284350355691627,0.17133044991206905,0.7695259825231624,0.06632737458177344,0.02200941682484946,0.23554672065184465
66,0.48727719972116257,0.15432643426688092,0.7651675605968982,0.7314324824140708,0.6317758525105076,0.23584657058055172,0.757829788664032,0.07652336147916189,0.03656002683744125,0.09806825567654028
67,0.46780148219926404,0.18021718317522192,0.7373804047737889,0.7061949354992003,0.6214803917799809,0.2703415249827036,0.7564781149339184,0.087494900454299,0.006473906338381707,0.20576666151537865
68,0.4474758458877047,0.2111555395182186,0.7060400845709682,0.6731327073857386,0.6036476974716586,0.328518353978351,0.7571619511448029,0.09945920220709926,0.06423530855821408,0.1688820432750575
69,0.43273167424347314,0.24131564810134254,0.6826592994297933,0.6352479912422414,0.5911194392352974,0.3515596313286987,0.7496026762106932,0.1126393452552514,0.11127331130646766,0.13339647654838627
70,0.426409287890341,0.268920806684332,0.6710118464562523,0.5892277995133975,0.5878894387438267,0.3593065497965268,0.729725130766838,0.1269645331185979,0.010095919853207656,0.1486832660760323
71,0.4260434078265528,0.29467426395230895,0.6681575851113379,0.5486690996737532,0.5893581059532331,0.3598807299378338,0.7007392980385131,0.1423855182111567,0.03722162358183404,0.24627072313119291
72,0.4339840846807301,0.3146610017898103,0.6783583576771869,0.5061078268411776,0.602061245951935,0.37531439238073067,0.665488305502342,0.1586791077227604,0.06078134221212356,0.3112961387153934
73,0.4599072712798838,0.32989618178431557,0.711291981301997,0.4466651854598864,0.6197150917216254,0.4468670593220347,0.6182705769639041,0.17579521194435233,0.04342080521040202,0.455565019251292
74,0.47612073613548483,0.3512330583296382,0.7337588163207411,0.40394440475797855,0.6460908543339277,0.42322720022652993,0.5684976820656621,0.19367042385922553,0.12893770240020166,0.47227649905044833
75,0.51318317182941,0.3582879972992558,0.7829836532432184,0.3522885751900195,0.6817347888920218,0.5360435833425533,0.5219718719505432,0.21202938432768173,0.0338623088128974,0.6399693990773337
76,0.5586095344625903,0.3641904045529864,0.8423157032843301,0.2896423605509659,0.7209837510955517,0.6135465841617448,0.46979806099575916,0.23087887729621123,0.053805450154816234,0.7111518025935075
77,0.6018489410227975,0.36975661188229014,0.8993213348319837,0.23075326382997557,0.765222550958707,0.5890206703478501,0.4178330399213155,0.2502368261364311,0.24699317090887785,0.6648484331129967
78,0.6390223433755936,0.37691372977960175,0.9475302837268565,0.17924703475969606,0.8063154653856103,0.4848096396473763,0.3730827482235451,0.26985295377310603,0.3648496472929929,0.5621116884835168
79,0.6625721071177391,0.38594525314497224,0.9777276426230174,0.14126326949284101,0.8421618500607054,0.311240984385113,0.3409490965770553,0.28962995796333446,0.042296152189285126,0.36191477831480817
80,0.6838974309153644,0.39098100505100597,0.9959061035760923,0.12019943125901175,0.862308441803503,0.27232951590022997,0.31821824795146597,0.30948125623088296,0.014899939731018988,0.33740488260019
81,0.6986195252489377,0.39109882584554073,0.978811256519131,0.1263702152376684,0.8490962663207217,0.2657199625362151,0.3038821910844656,0.3294057080223775,0.17642625212412158,0.38722591777735277
82,0.720038750627515,0.3821881591220986,0.9544425115435493,0.15922032144189358,0.7984447108486243,0.4325785757501003,0.2949831293210615,0.34909262724777357,0.11241843716813908,0.5332294209145748
83,0.7441762874572074,0.36950935336211993,0.9281397391889545,0.21512285450171673,0.7161584279721607,0.5995759641552996,0.2821338007695298,0.36816241570825575,0.25100459025988353,0.6616559613327397
84,0.7873856538147365,0.35074341479051346,0.882151779858212,0.26896394616888,0.6151032150421596,0.8372687595846331,0.25346787432978096,0.38634265514030136,0.17213297288947502,0.8976784946703891
85,0.8396561781183937,0.32694278727897536,0.8252229508418577,0.31943814252018227,0.5119573265424994,0.999999990726144,0.20886443556605996,0.4027348376123941,0.28490635016377236,0.9999999657640886
86,0.8929207556581581,0.3067595399850979,0.7688135862189966,0.34685845366618495,0.4401422336241155,0.8790554126504775,0.1564193794120014,0.41771094510070444,0.41918288440677565,0.8571233419059676
87,0.9410664714856816,0.2871892081716835,0.7150818371190695,0.37448959002783877,0.4266808327037814,0.6542065708338948,0.09950640305777315,0.43175407851400566,0.43036689451251464,0.6204058699495281
88,0.9760522071776394,0.2713277187560377,0.6738619185721852,0.38890290962237506,0.4418327406409059,0.39424717820447563,0.05148601103118125,0.4452150809806713,0.37309311150313906,0.34481135683402714
89,0.9961141705465963,0.2624125820316597,0.651071116512336,0.3903759056529298,0.45011820987634543,0.19208143672296954,0.01808519206514422,0.45824151180704753,0.11982323770630922,0.1427566915064237
90,0.9999999850694724,0.2564661785375743,0.6488682802737824,0.3840534867694697,0.4349496754416021,0.10181097345566767,0.0007600903078528157,0.4708552579226618,0.0,0.08870183672454492
91,0.9911226748127709,0.2565782097213897,0.6620671443795161,0.3753135365622739,0.4014139718873313,0.14460374334515605,0.0,0.48297755373594004,0.00482619067273368,0.17167769241689787
92,0.974113235018199,0.26008145844708913,0.6851854045046246,0.3661676956920328,0.3526372458299092,0.1953090296650914,0.011743325412977961,0.4945252230547139,0.05059078720378951,0.21378822734508396
93,0.9508349122609537,0.2710226505473562,0.7162303840643652,0.35967734590629397,0.30893820641274056,0.2742902915968813,0.028325721626504964,0.5056135468491907,0.11422312414974943,0.295225514249833
94,0.9310797427743002,0.2801242453633235,0.7427663568321706,0.34765974587256293,0.26861225544678685,0.22858191474488498,0.044707123521850016,0.5162826992247699,0.00887516815551276,0.23836595057595014
95,0.9091557178365153,0.2933307462106779,0.7722012760540067,0.32520696754227607,0.22233611830316938,0.25212819572682466,0.05968679756115852,0.526635365943345,0.002414089966728268,0.2778222488400939
96,0.8848833556033802,0.31123677323439186,0.8029292706209434,0.31003284070940085,0.18697936503585916,0.2956486176514809,0.07400839856338665,0.5367066145937932,0.29901663637662235,0.30306853383545157
97,0.8740755282753887,0.3224948026633239,0.8167928257248096,0.2893964636206786,0.16705624753835296,0.17658872033480064,0.085413270897575,0.5465707752613045,0.6074371680332592,0.1279029312541392
98,0.8323045241999392,0.35779569852373755,0.8675739612132883,0.2664408990768842,0.1520628625369742,0.5277923911754162,0.10138505587585858,0.5565695628346469,0.2531647134453915,0.583810646426379
99,0.7999842870676971,0.3810515953835247,0.9067788606208822,0.240972921960704,0.14236082291179716,0.43041173343309924,0.12700910010133154,0.5667255065500536,0.0027648265910987543,0.4103375958602456
100,0.7676294572207031,0.408865499869423,0.9470617882859466,0.21236009960819768,0.1369475606961626,0.46498107990613846,0.15026416627527114,0.5770921239537983,0.023946301080548446,0.50282259750937
101,0.7262329636641288,0.43841224119526623,0.9989879796955741,0.1868875204163451,0.1284408871989301,0.5358827459293404,0.17669252129417254,0.5876915374314448,0.04954174657950869,0.5461474329191596
102,0.6845591256358039,0.46751735711929693,0.9476392036803315,0.16435472952201385,0.11273380257756717,0.5263196252478403,0.21059719828359683,0.5986342159589848,0.0026232928748850964,0.5005761271349356
103,0.6412714063996434,0.4980563362358214,0.8907781005324827,0.1422507493903005,0.08943254502002804,0.5479369313324695,0.24591479686504428,0.6097120923836828,0.03159494048728537,0.6024731297429502
104,0.5951603003959849,0.5295357836041895,0.8304057252947157,0.12330975098468103,0.06422355427731813,0.56725540703413,0.2856278154637254,0.6211012446611454,0.33848138660307453,0.5670949137143139
105,0.5687472246602202,0.5481746281917697,0.7933338416426808,0.1062108944861172,0.04543204686598651,0.3909624148861693,0.32155422101050324,0.6326411209335956,0.09722063163847162,0.3558745454717884
106,0.528026711932427,0.5758672785678518,0.7392697470436856,0.08940633628368147,0.02619111419770619,0.5102793208355474,0.354729896758139,0.6443983907983251,0.013231303841902582,0.5465981131624201
107,0.48360901190129246,0.6051955165730404,0.6787298026467282,0.07305572110502864,0.007330206957713968,0.5497729778633649,0.39477535565666505,0.6562952085668281,0.13015697925530878,0.5694950585304985
108,0.4459120098536846,0.6285115451907359,0.6274312973792416,0.05628591265229583,0.0007772161880236244,0.5027001795864623,0.43619757275169635,0.6683087048753088,0.07651129412020116,0.5080066647347979
109,0.41132004868161526,0.6503068755363031,0.5803653097910287,0.04037654169980258,0.0,0.47398666618637497,0.47459934266996817,0.6804319375103914,0.01889037264935637,0.4975967014045082
110,0.3764785957408236,0.6716658157567543,0.5329879228486479,0.022559556929570266,0.005074462984877219,0.4833860891812307,0.511777907286597,0.6926500567843172,0.16298925794642552,0.4914843148504633
111,0.34997018129645735,0.6900753498855303,0.4967664526795126,0.005958914721336489,0.01614833325707824,0.4007653115437245,0.5454996946280936,0.7048494299989841,0.08144945437380158,0.42275456813494117
112,0.32498793491070216,0.7059693944116862,0.46297403711384005,0.0,0.023482700076273143,0.37674604462919237,0.575238790197595,0.7169826523831049,0.05327246337376849,0.39041563148505887
113,0.3019348324323347,0.7212648152174628,0.4309187551651309,0.02204322368919604,0.028801646904510363,0.35376962888414315,0.603473021587591,0.7290187740269934,0.058976556045003646,0.36812789178178884
114,0.2799503598827832,0.736229011126433,0.400855451596323,0.043114034104782505,0.041129291507115494,0.3478249084600403,0.6298979611184258,0.7409065366873288,0.07261093870941492,0.3708033310160345
115,0.25985261286048805,0.7504681158680684,0.37304665142348636,0.06575157605291614,0.04945577938705463,0.32149983256613696,0.6560872504295265,0.7526323792229869,0.0079924587304111,0.31689118352319484
116,0.23804556683650865,0.7652862973272251,0.342437351677642,0.09013212971521536,0.05711523358491804,0.34171014862294513,0.6839476799233756,0.7641540524602005,0.08698829823699086,0.32813125876230587
117,0.21905674878258638,0.7815251565033599,0.31615762008243625,0.11531832611557546,0.06754973473295318,0.30593052186058817,0.710036779014038,0.7754425082460363,0.01628446800280081,0.3299140620285641
118,0.19842359653138006,0.7990551730765766,0.2877630260572554,0.1417893763744741,0.07955444885848018,0.3211384718037566,0.7349259080713881,0.7865272701030234,0.11867409340058324,0.3158517007612967
119,0.1842029186979627,0.8134623592649596,0.2683634048565668,0.16689144256798924,0.0958858496001229,0.2679110761543185,0.7582980705496855,0.7973978081430007,0.020878987774377942,0.27388201388671146
120,0.16876596547460898,0.8292446275767702,0.24782570978302706,0.19022248856147173,0.11852520308803866,0.27581839057154417,0.7787978295145166,0.8080694499524962,0.08878692107192725,0.2725655237874842
121,0.1571167996969576,0.8454614608026177,0.2322955397500229,0.2107645974712044,0.13922464884479108,0.2412613265506633,0.7959908786127411,0.8185187974093185,0.03768195864229332,0.25813568996280856
122,0.14306607532357535,0.8599125468593298,0.2136304300304612,0.22607476752329553,0.1528741318094956,0.21708424988985994,0.809948340344397,0.8287239828419264,0.022291302013099305,0.24663257586269996
123,0.1280925876227172,0.8777650158836097,0.19244968830852002,0.2485069927912976,0.15806589865372284,0.24585657152845733,0.8278376079612217,0.838626283658435,0.2556889226159699,0.24175672085612415
124,0.10107890224058398,0.9036502648382356,0.15454275167983902,0.2698500706826356,0.18650244497191484,0.40949929604909074,0.8513710889375624,0.8484351255862718,0.12952913206174735,0.4556013029277817
125,0.07663597829188717,0.9258996042344769,0.118807930277194,0.2917303881328943,0.2057271506484584,0.3505697510320251,0.8801497023122781,0.8581021458970257,0.6024054415890667,0.32800251898728533
126,0.07922268168062246,0.927481429575141,0.1232422291523261,0.30424194592489867,0.20143288702879494,0.07577463484716912,0.8969664764133641,0.867227117259094,0.43306110874057585,0.04961638686605703
127,0.058108231080128234,0.9495651710518046,0.09075615482352584,0.3231615685164175,0.22177139568085877,0.3407136929432956,0.9073807450656074,0.8765150505976683,0.027344451458978854,0.36879948108113864
128,0.03281985325627836,0.9731927005675844,0.051627359742400375,0.34421111011261646,0.2343385970342658,0.3714504714441614,0.9295604999473497,0.885310474599112,0.8178528876778416,0.38044974550197574
129,0.03290377927380113,0.9738574628927437,0.05164272024866095,0.34830568055500466,0.2314999740211531,0.019356965713869582,0.9433957242643054,0.8938419590714087,0.5579833001765954,0.022353287611404097
130,0.00475574884159862,0.9970280129431544,0.008292578765541007,0.3651964267381216,0.23192024803602787,0.3644026876010436,0.9600130688825992,0.9023903566984051,0.6197213384450598,0.3663791860465503
131,0.0,0.9999999671080927,0.0,0.36728423273423066,0.22257496580881625,0.053142592477150745,0.979253961527183,0.9107680153293592,0.5386120922525106,0.05377978556336184
132,0.016626471493673942,0.9681387650622989,0.025411862991553118,0.35530974183826974,0.19162214986314466,0.40057467791876783,0.9934505104568039,0.9185956937812558,0.5666228637533088,0.6422795633804929
133,0.014126287710011912,0.9597562379888283,0.02189081603402095,0.3330841054444626,0.15782888933040956,0.13434719620985477,0.9999997425922608,0.9262696184205814,0.9999999994489566,0.07429062522964326
134,0.05832290046915696,0.9069691111647584,0.08814277414495406,0.3076449199603957,0.13933869083566167,0.6522150531320441,0.9834183366502037,0.9335399713651878,0.3318185936639649,0.8098332921556352
135,0.09582303244051057,0.8667749662371117,0.14261043113566987,0.2745654243597499,0.10758588658999314,0.5427136735082996,0.9492915836095266,0.940440895933193,0.301210062938065,0.5406144338476747
136,0.11844711995758787,0.8367499159779255,0.1785596014211142,0.23474862027044455,0.0880419753613219,0.39410928276033436,0.9069185232126056,0.9470999362421835,0.33010194879394944,0.24355066860613112
137,0.1634096026711766,0.7898441586407982,0.24664085618656698,0.18584762654864284,0.0783340413611404,0.6492585016078866,0.8582189223600112,0.9532446377168885,0.06460765834507581,0.5705874714947088
138,0.21734634075667822,0.737896543033712,0.3265266600123099,0.13110373701976374,0.07459299439992777,0.7374243360067045,0.7984615562506605,0.9588952223713143,0.05670457331289904,0.7047902881477855
139,0.2696046994322144,0.6878984686806588,0.40391917439022795,0.07323343434378406,0.07196881357309326,0.7393225005392056,0.7355234833186539,0.9639808367188036,0.19236941891160986,0.6795779459507629
140,0.31767226573157786,0.6390285567269468,0.47404267828334157,0.01688273668659435,0.07583018385217752,0.6724795762400381,0.6747274314226056,0.9684499997388616,0.20165082287418876,0.5873251714909029
141,0.3581831470678727,0.5946570202244776,0.5337329074022267,0.03415602223409399,0.08496668669843745,0.5821038584535382,0.6196165079280975,0.9722678675893662,0.15410029649973891,0.45472201228710735
142,0.3925838761819481,0.5542210568614977,0.5852485543718323,0.08421655320318053,0.10711395593646514,0.4977357956796832,0.5719681611145747,0.9755378553541931,0.2231103694339347,0.3694178594161313
143,0.4165819159695565,0.5213074191539485,0.6226332337876967,0.12894725663671702,0.13799292872387883,0.3493373544108858,0.5339225116285988,0.9783788573576827,0.16344490213058077,0.20941938831181503
144,0.4345231827197191,0.4938518073764363,0.6530596038680866,0.16914217679774474,0.18292154218601467,0.26053985044485267,0.5043767731682215,0.9808254141207758,0.18635452010197368,0.09283003790976709
145,0.4403186616069126,0.47349834965043475,0.6662403146482435,0.2117679714137014,0.24090920583576816,0.197661694890168,0.4852127099351897,0.9829661037109665,0.01441707199572084,0.1152705978647217
146,0.4402406086940751,0.45586426122360346,0.6721555059677394,0.2524018879675867,0.3111851543830969,0.23423099397352815,0.4778992760532889,0.9847166638908146,0.0029951345301911284,0.22625061561733972
147,0.4520958999218642,0.4276502251381704,0.6939995422781514,0.29955832483248235,0.3832327393576308,0.28821788540420823,0.4740074198906276,0.9858780600239814,0.037960856618906726,0.2300158262193312
148,0.4484870300932854,0.4157006342346652,0.6959552140068955,0.3323581189890482,0.4524316563083839,0.2557570828280264,0.47306793783151574,0.9865837624755072,0.004918352989615876,0.28364676746331
149,0.4401447643889986,0.4036852000184441,0.6914790228419632,0.37301868508805563,0.5162828167977831,0.2995849350741309,0.4788777462213481,0.9867677331502275,0.03661812155783251,0.31634846226496377
150,0.4322764081208467,0.3858328144019235,0.6875055391546089,0.41902916768547577,0.5712924168927762,0.30956897142192974,0.49236932337154443,0.9862954043178228,0.0611358359472963,0.2999158512622302
151,0.42258851318947943,0.37509768663423787,0.6810897349720239,0.4609151621300351,0.6185082774975063,0.2743048885569195,0.5088951972062465,0.9852314862453337,0.03616582502171461,0.21422109944269277
152,0.4126160208191832,0.36980326640314254,0.6736566463521725,0.4913397802091289,0.6572107438706699,0.2625309732311239,0.5214702940646898,0.9836630802675126,0.24279835082558654,0.2431548127384734
153,0.40930113844482546,0.36671025077482133,0.6747018589826365,0.49796758646575034,0.6898918557392382,0.14557154192834582,0.5277919078179795,0.9817465549749439,0.13551135278040452,0.17139889123052224
154,0.4110581192645584,0.36307908159729274,0.6787716949365284,0.4970941430471884,0.6932297859517929,0.06753485516054909,0.5294310666900055,0.9795806613340996,0.012642069348709357,0.058122875852697944
155,0.41219055968133744,0.3633226834452827,0.6814877117251084,0.5014352131611207,0.6881987617280525,0.11529566496710737,0.5334986079416059,0.9772779296810072,0.02811728078230911,0.08618848122138555
156,0.41285624352222516,0.36756014302120155,0.6835669657087536,0.4984450464671627,0.686215152518595,0.11100719945019907,0.540097180794727,0.97495762391517,0.06427332707589038,0.10328323872057141
157,0.41641616734012155,0.37182324095442276,0.6891260725649688,0.49710300894564297,0.6883328071429867,0.09386258657439417,0.5439248214112471,0.9726166762037658,0.15853503040501968,0.08465864536988227
158,0.401002639471955,0.3926116385823352,0.6698130287631934,0.4993975339639249,0.6913629591149743,0.24413495145782188,0.5492892694761174,0.9704173839386833,0.28114972956409334,0.31635518398716067
159,0.4024296582146473,0.3975157201942468,0.6730485099452701,0.5131708914317367,0.6939189993148462,0.11897031427402785,0.5548729195525134,0.9682816093051979,0.015867121079681194,0.11125135087018113
160,0.4001613813340225,0.39858622178248404,0.670993693130672,0.5532292677978521,0.6932574276730451,0.1458526076275953,0.5591776674004123,0.9663072999518623,0.0029041198099047857,0.11819845374206325
161,0.39386388043841614,0.3936821900604353,0.662848435584252,0.6225334129708867,0.6849257995645494,0.22424694514148547,0.5676699833899949,0.9645933085327928,0.009064094738232957,0.13838349486155183
162,0.386776442734814,0.38038637247753376,0.6534296524279699,0.7059169279241617,0.6811678635687886,0.2999202109691808,0.5787408709515623,0.9632002490176435,0.1352045405597092,0.1609815172294974
163,0.39042044090085337,0.35827668898275905,0.6566874761646048,0.7925145172581312,0.6793282639176197,0.3475498367969567,0.5847190528806391,0.9620829024575698,0.09157095602525132,0.1102120136557028
164,0.3931276804904587,0.3366308850583454,0.6576112011546565,0.8597886678000618,0.6944619266356957,0.3014488854112554,0.5879495434811478,0.9613037101740812,0.17005249498796476,0.09152705162031187
165,0.41320180518617455,0.3095334134043146,0.681518432737626,0.8956624607351014,0.7230984302287279,0.34668151928204116,0.5888940665220238,0.9608531821561936,0.22952058342355125,0.2023990074921611
166,0.4206406490576315,0.2934121779998212,0.6890688197689115,0.9180495974592432,0.7538370217287929,0.2460090087906414,0.5942049136666574,0.9606930463746649,0.005561114047676139,0.12995759606959906
167,0.40811340031912524,0.2941240250631692,0.671003467998293,0.9239181971699625,0.7827275298633056,0.2911946602505039,0.6121249072157507,0.9609595359674734,0.1811589546738746,0.18314622217480825
168,0.40370327789980737,0.2911510262247298,0.6633078543623717,0.928749315395779,0.7973091106881461,0.2020455055312343,0.6308866872067977,0.9615143096080747,0.049625013663835385,0.09390156632235012
169,0.41963398251128037,0.2782314882000308,0.6810771672850866,0.9254257611691588,0.8153577028565934,0.2801786565222382,0.6374875959873927,0.9623663817337933,0.2136439557086333,0.21056727847204051
170,0.41147209226348264,0.28661611929425707,0.6679383487947264,0.9151098918215703,0.8321325494152054,0.21157240697488136,0.6402318583173588,0.9636235139319295,0.014057946227019212,0.12545795943189664
171,0.39573739780559536,0.2973951975587901,0.6450958795774594,0.9098749287730384,0.8375928539088504,0.2269929142424887,0.6539541869640034,0.9651774773737669,0.015549422228964,0.198235462849967
172,0.37645483467546564,0.31287319716250567,0.6173003452963909,0.9093287103955956,0.831862757878368,0.23368818002063801,0.676450088993099,0.9669674932505748,0.042760177912966754,0.2197621062746655
173,0.35568202509096225,0.32612007153201394,0.5876573610352258,0.9051784447626559,0.8182815317150467,0.22704064852738515,0.7017308487378238,0.9689969206211279,0.004720068271716444,0.14750712194976712
174,0.33027661428052246,0.34638518061094586,0.5528197328390893,0.9061547023121497,0.7941771798802595,0.2611650514341976,0.7281315721274391,0.9711675163685523,0.10809628943616863,0.21227469730394677
175,0.3070471183278892,0.3627146205017591,0.5197052741633172,0.9000287866359911,0.7768243163732886,0.23349683064195043,0.7554746244133614,0.9734840691575014,0.0920121569072299,0.1434554553694051
176,0.2883560623237853,0.3761392909178835,0.49359171531764373,0.8977473435402387,0.7621165102974584,0.17912285709943407,0.7801534718108473,0.9758386106669245,0.10513586574418032,0.12313348719996749
177,0.2764322821902699,0.3863295466156979,0.47671819919178293,0.8979508341162182,0.7552250948325335,0.12006331492207517,0.798192374951722,0.9782032313705764,0.056228526002597326,0.10044172695606728
178,0.26834148880530007,0.3949771807846474,0.4660971073182912,0.9003438672323045,0.7474457229562351,0.10348112275483931,0.8086821543599005,0.9804872581337685,0.004488255634007825,0.0936852066730448
179,0.2610932157379101,0.4025812771008317,0.4566936846682696,0.9087803087688918,0.7408670045661128,0.13287266887085128,0.8159552708590257,0.9825605025919513,0.42994699233383976,0.12050341642641738
180,0.23044458393870115,0.4225757734998891,0.4137973763246299,0.9231199840253304,0.7287739823131961,0.40544297236317417,0.8522967207629739,0.9840520749403054,0.44607132925555626,0.19968483797511616
181,0.2193103372829179,0.43151958974207577,0.39977881974851065,0.933147898978017,0.7058770043018108,0.20478656498931525,0.8921265817245951,0.9854272279551621,0.1925407787735218,0.09870454199543632
182,0.2163675905783052,0.4342393526744626,0.3968840625234613,0.9348459155694709,0.6877658113472706,0.11770559861532906,0.9027298429119477,0.9867159261341572,0.10588263791699692,0.05805042031852077
183,0.21842246925598272,0.4352613716898397,0.400492385084741,0.9350170524276201,0.6849341605660545,0.07390741707441488,0.9055092041147725,0.9880060884538137,0.1166107222288578,0.0717735374836235
184,0.22035570677018126,0.4337036185217616,0.40336200693591234,0.9380366896189976,0.6859920113610091,0.03260207883735588,0.9036550103723434,0.9892739524251228,0.0791113152680871,0.02613065955463611
185,0.22077258949762898,0.43207647962361356,0.40363151400027997,0.9412605030803016,0.6859013164053848,0.0169831951169974,0.9030776109479882,0.9905405039000026,0.016888506524660698,0.007020780543023328
186,0.2208662889366814,0.431650439389359,0.4035002514922468,0.9410085060050828,0.6812465163514392,0.022797289594636064,0.902735591227208,0.9918241391257041,0.03943597742978039,0.01538243831920336
187,0.21948282523626225,0.4309197075620434,0.4011912881195381,0.9402704424667776,0.6751453600142443,0.012835225346489286,0.9032010678539971,0.9930990695340751,0.019299016654404255,0.012216990909006749
188,0.21717151394241455,0.43060273132534116,0.397656277065407,0.940840906372708,0.668948218983291,0.019893323817315726,0.9060556680827621,0.9943488893744559,0.02668262651563384,0.021277899056870855
189,0.22419669200642817,0.4230350912451962,0.4069926720517503,0.9428778717160079,0.6658132301381885,0.08977666833706034,0.9056956951403365,0.9955542092131501,0.18231915713160565,0.12043763436215499
190,0.22410349937391508,0.4216953885041419,0.40674131831296306,0.9428870684793811,0.6656518558672296,0.008800107504825724,0.9037608383531337,0.9967121175894201,0.028243875671870165,0.010481057010366128
191,0.2234975098436418,0.422145918291476,0.4062023041842278,0.9426029979391984,0.6655532931202917,0.008866951376963096,0.9035353923149512,0.9978374851161804,0.04824089538576006,0.016429052458281457
192,0.22364674588721822,0.42118859592245816,0.4064431848505668,0.9424664877664005,0.6655145316264014,0.0,0.9034261567798314,0.998921011237022,0.020050175900263482,0.0
193,0.22484236896225115,0.41947817780001984,0.40779630581104803,0.9428336031087149,0.6652907790865543,0.009162109438828428,0.9032451406034834,0.9999500531207486,0.020050175900263482,0.005467845294441059
